100
2 1
100 20
200 10
2 2
100 20
200 10
3 2
100 10
100 10
100 10
4 2
9 3
7 1
10 1
8 4
9 4
906768 567375
412949 576596
224080 957065
269478 290777
135295 943687
969391 782671
738833 727295
922657 216063
720909 736871
4 1
20979 2432
254768 76
21670 2993
24449 2021
9 6
864384 1921
914388 869858
806709 808879
924378 116290
60167 872434
197480 157353
128098 810868
226511 238026
239490 598477
3 1
240070 338407
207660 391223
91846 884539
2 1
959433 473523
371831 685905
10 6
194184 209797
63468 641886
64728 629391
815796 49938
254388 160146
199206 204508
69832 583389
209496 194463
287928 141491
611847 66584
3 1
3203 354693
3366 305606
16484 41
10 6
616357 938487
823215 647224
441101 38973
303461 747187
336583 430941
57391 79551
627262 209273
587902 701429
523441 312114
861012 468682
8 3
787085 845087
331941 513385
708588 582158
994866 291065
995013 632099
234092 454632
981616 337313
282198 763297
5 1
130497 661399
280704 307479
93101 927064
247482 348755
221404 389833
7 1
155127 386405
910251 65852
261377 229331
82021 730811
906877 66097
487142 123048
225632 265662
6 1
13451 94
3850 348026
3568 327882
3485 326695
17431 2
3534 341082
9 5
692172 8246
13566 420732
427924 13338
26676 213962
786828 7254
265608 21489
13572 420546
360468 15834
30856 184977
8 3
3432 354893
3323 374331
3855 369583
3839 342067
3752 346411
3614 376641
16674 14
11539 81
6 1
284039 93
20122 2422
20836 2782
28987 2685
24678 2044
244984 19
2 1
485649 124438
162252 372465
4 2
29543 2644
23043 2296
23115 2258
258330 27
6 1
29182 2844
22791 2337
220982 81
22459 2594
26216 2226
271913 10
10 2
530691 56411
64726 462516
33683 888781
145189 206192
50333 594775
65054 460184
65519 456918
65054 460184
366464 81691
33924 882467
9 6
3003 390962
3934 398909
17790 23
3794 361780
11838 67
3780 335237
3867 360876
3117 386454
3842 357176
10 6
550188 35742
186093 105672
127687 154008
32364 607614
30566 643356
199206 98716
496248 39627
255374 77004
135864 144739
408204 48174
8 5
382993 663813
280479 785560
192786 776788
279990 881761
195088 27624
521461 50136
963067 903336
153979 187674
8 4
227183 19
20861 2235
20264 2128
24544 2118
290947 75
21613 2793
27609 2313
22649 2563
9 2
25479 2613
21190 2976
24990 2722
22328 2910
264457 25
28272 2842
27988 2083
20777 2734
244503 88
8 3
971122 169269
582339 374341
615406 293621
201126 481845
897595 952549
285094 925371
146732 411972
609714 751240
4 3
111848 73899
847044 9758
113832 72611
160146 51612
5 3
67338 262108
71208 247863
637362 27692
252126 70004
141636 124614
10 5
26277 2468
250553 73
230369 25
27263 2941
24749 2746
22176 2312
265715 66
27451 2217
25692 2424
28034 2096
7 2
786566 460401
787810 460210
837685 979204
615334 555314
900594 802004
152680 326698
224916 166114
5 3
3940 361646
15851 69
3944 343801
14476 37
3179 374061
7 4
29543 2391
242561 84
23979 2824
250071 14
29329 2069
20936 2587
21831 2457
8 3
225684 165610
51883 720381
89483 417683
52869 706946
940052 39759
204220 183016
299993 124588
300316 124454
5 3
615384 40549
32508 767602
42957 580888
934472 26703
227304 109779
7 4
378658 57564
100737 216376
135864 160433
46956 464202
103156 211302
587079 37128
26316 828282
3 2
216854 85
29618 2591
25328 2548
8 3
420271 465495
518565 272578
876683 93099
564850 300797
991159 879376
448748 417274
474273 376754
421889 386313
7 2
3088 397116
19339 55
3138 302310
3643 332076
3641 378860
3666 379087
12204 5
3 2
3502 385768
15559 23
3560 379775
2 1
127594 916887
153426 99294
8 3
286779 34
26804 2263
26549 2537
25146 2696
23269 2227
259295 59
28415 2625
24207 2525
4 1
999204 392036
758353 603626
495053 893030
14286 209247
2 1
3006 396898
12077 77
6 3
256582 24
231015 24
21321 2278
22381 2387
27149 2303
20641 2892
2 1
148102 122831
58372 311648
7 2
3679 332831
3476 378727
3746 311488
14878 21
3466 365654
10459 86
3404 306799
10 6
5676 640458
55692 65274
184212 19734
10764 337722
240856 15093
51084 71162
19866 182988
85527 42504
182988 19866
361284 10062
10 4
3410 332881
11152 34
3658 325461
3422 323379
3461 391705
3066 372487
10438 35
3396 359354
14695 50
3000 318706
9 5
75922 60372
13717 334152
313599 14616
357588 12818
57018 80388
173043 26488
199563 22968
120744 37961
798252 5742
9 6
504640 126624
70047 912238
441594 144702
227428 280966
659792 96848
112061 570221
147481 433273
448884 142352
875828 72959
6 2
431527 944814
587767 276121
851116 373817
389722 619710
778718 365643
527781 188668
4 2
68893 766374
108381 487150
680200 77621
59744 883734
3 2
34916 873126
184556 165186
452732 67338
5 3
65416 111321
12987 560728
18564 392274
44289 164424
32116 226746
3 1
21089 2607
271194 92
24632 2525
5 3
91143 88536
121524 66402
99603 81016
62244 129642
111384 72447
3 2
3107 399703
15864 65
3321 374910
4 2
115374 726529
965557 891243
478407 339745
920008 585364
8 3
3884 319038
3873 385586
15012 95
3266 392364
19134 11
3294 316593
3931 376392
3166 318958
8 5
573426 61132
77996 449442
449442 77996
81918 427924
64206 545972
175972 199206
135864 258013
329189 106488
6 3
595250 157271
614360 152379
781902 119728
648752 144301
712290 131429
872791 107260
6 1
59215 239577
54727 259224
341960 41486
205632 68990
29631 478774
42386 334699
7 5
267834 65
24001 2834
273594 16
21860 2385
21310 2027
25101 2620
25847 2762
7 5
12942 55
3066 308120
3248 396748
3205 316409
3128 322289
15437 99
3822 352413
10 10
1000000 1000000
1000000 1000000
1000000 1000000
1000000 1000000
1000000 1000000
1000000 1000000
1000000 1000000
1000000 1000000
1000000 1000000
1000000 1000000
4 3
211365 998346
289815 501638
234035 718117
344212 411134
8 3
72621 657898
51550 926813
180964 264015
351766 135821
384055 124402
117340 407169
292627 163270
120272 397243
2 1
444550 150364
567697 158205
2 1
17996 92
3425 386241
9 4
210784 313286
141657 466166
709710 93046
702911 93946
252110 261932
99942 660740
223689 295212
329753 200258
210217 314131
10 2
540995 77832
320503 131377
134313 313497
102092 412439
133172 316183
51726 814034
127064 331382
991890 42451
52448 802828
75071 560892
9 5
671832 41847
92278 304668
415251 67704
119288 235683
417508 67338
104377 269352
80808 347913
28638 981708
30969 907816
6 3
291258 138239
84145 478498
330495 121827
47844 841552
42912 938274
702490 57315
2 1
603173 437599
863902 50904
9 5
26495 2827
200689 11
28003 2398
223406 75
27619 2467
23992 2663
20299 2522
23361 2029
25654 2846
8 6
3940 360047
3961 366747
3163 319838
12373 10
3519 370053
12465 21
3491 327390
3175 330846
5 3
17066 30
3407 384643
3072 349928
11715 47
3027 325931
4 3
89148 157122
134676 104006
65569 213624
789222 17748
4 3
588924 18722
16687 660744
628038 17556
428904 25707
10 5
242874 67
222316 94
25344 2395
211888 69
23566 2354
28781 2635
28469 2655
22152 2578
27239 2735
29735 2425
7 4
433048 5967
430236 6006
45288 57057
177156 14586
8177 316008
727272 3553
63492 40698
8 4
18526 821833
186566 81608
566522 26875
485206 31379
43050 353665
22397 679791
301640 50475
32629 466618
6 2
524518 691819
433746 407489
489130 58098
235216 62951
789472 907631
734924 527918
1 1
1 1
9 2
371911 83998
135703 230207
122175 255697
238021 131248
280195 111493
667902 46773
46304 674667
49832 626902
73972 422319
2 2
105672 227943
171828 140182
10 6
3839 396844
3171 325403
3119 346522
3937 325339
3161 307702
3877 398806
3216 379533
18423 65
12063 14
14743 21
10 5
379368 119172
587357 76972
165143 273763
67011 674666
445687 101439
782885 57748
132505 341195
259021 174542
146663 308258
802949 56305
4 2
11945 2
3752 302628
3980 365582
3316 388517
3 1
23458 2847
26894 2852
242641 14
2 1
921053 892579
152618 279443
5 3
29194 2132
21260 2076
267759 27
27374 2313
297571 67
5 3
23479 2266
27691 2793
200898 10
201769 57
24771 2930
7 4
395901 13832
8892 615846
74347 73656
7998 684684
143964 38038
183768 29799
76167 71896
2 1
17501 14
3652 374368
2 1
127607 531344
175451 386451
5 3
43346 317550
485079 912302
115840 608750
390584 490308
972238 149194
