100
2 1
100 20
200 10
2 2
100 20
200 10
3 2
100 10
100 10
100 10
4 2
9 3
7 1
10 1
8 4
3 1
3538 338001
3499 320589
17377 89
10 10
1000000 1000000
1000000 1000000
1000000 1000000
1000000 1000000
1000000 1000000
1000000 1000000
1000000 1000000
1000000 1000000
1000000 1000000
1000000 1000000
5 3
245272 100737
550056 44919
194649 126936
437224 56511
389298 63468
2 1
51371 992622
128475 396902
9 5
307692 109306
102168 329189
523611 64232
245014 137268
39732 846486
37884 887778
591852 56826
95976 350427
94054 357588
2 1
615774 76732
264241 159813
5 1
3133 391369
3167 302092
3681 395046
10478 74
16399 80
2 1
616195 947142
639734 890277
9 3
248970 12
24037 2175
28012 2244
28144 2844
25798 2873
205565 71
26120 2091
24964 2470
27170 2521
6 2
245644 67951
58393 285852
524634 31816
970846 17193
273268 61082
41252 404629
7 4
301444 16254
46053 106392
730422 6708
88536 55341
22661 216216
279279 17544
150722 32508
6 2
512140 784435
31448 70202
280732 375711
333336 187088
750136 535024
30278 549868
7 2
844300 280230
716499 159350
22659 741536
643840 112832
173954 106219
766106 803755
889851 56829
10 4
290121 5
259744 97
24456 2876
26145 2777
242469 5
24106 2960
28182 2150
23547 2174
22622 2899
23372 2518
10 4
29050 2811
22013 2281
29083 2954
23296 2845
28435 2982
28988 2238
203132 52
240471 3
272106 68
25653 2507
3 1
983758 17758
599176 29156
467576 37362
8 5
29946 727668
56637 384744
109388 199206
109089 199752
43848 496961
59409 366792
50184 434217
40426 539028
10 4
462434 320136
642495 271828
555606 207737
349999 816401
478336 317115
673090 643344
838298 928003
923823 868410
722296 331303
452344 980760
6 4
69214 475671
714282 785190
708163 553191
463788 667245
330825 941156
202711 405126
10 2
105266 119798
17880 705294
143479 87892
138890 90796
73968 170488
15208 829212
101753 123934
113903 110714
31085 405683
200909 62768
7 1
100701 977463
422932 232736
509103 193343
213566 460895
405450 242771
617377 159435
560177 175715
2 2
2871 853944
873103 2808
2 1
646309 136870
194464 454893
8 3
21792 2043
28297 2020
271984 38
29155 2361
26864 2800
20458 2599
254028 40
22220 2833
5 2
24664 2511
20977 2271
264853 62
248767 46
29765 2349
9 3
88123 864292
203354 374539
276958 275002
127108 599207
925736 82274
94827 803189
413537 184177
943079 80761
383520 198592
9 3
13469 5
3920 343333
3021 399369
3642 358211
3714 306783
3782 318095
3545 372456
12228 42
3764 308184
6 2
359183 230594
300555 275575
354385 233716
469064 176576
85890 964320
333421 248411
10 2
3496 303187
15419 59
20000 71
3470 347304
3806 351773
3217 388156
16847 45
3615 324754
3203 374322
3938 318385
2 1
119406 119063
38956 364946
2 1
19749 92
3190 325350
8 5
49270 386284
919450 96417
763745 284412
295492 446203
289843 511298
685925 590392
266709 107095
377007 20512
4 2
3764 314061
12736 13
3217 313545
3709 323616
6 4
100974 263857
790139 33719
829913 32103
34728 767182
40709 654467
162630 163824
7 1
17983 81
3822 397953
14911 4
3128 354890
3844 308542
3339 336065
3796 336834
10 6
659362 9828
75768 85527
29274 221364
68757 94248
263466 24596
67158 96492
422136 15351
13416 483021
91676 70686
14391 450296
10 6
780752 96635
147195 36054
31971 50312
988303 378839
554904 683722
972003 4921
351089 731630
854068 779399
990268 374381
428734 376006
6 4
357889 94392
271092 124614
47196 715778
55384 609957
56028 602946
74907 450984
4 2
3089 391754
11211 14
3951 395057
3107 319057
4 3
3035 303218
3621 392206
3443 302368
10473 86
2 1
22324 2512
279502 9
2 1
29415 2359
222211 37
7 1
329651 147983
90360 539871
50678 962602
807969 60377
524969 92925
610494 79907
95466 510996
3 1
861135 52911
203818 223550
544432 83690
9 4
858089 697051
47607 175923
705651 535824
999138 181237
261534 610609
347223 25802
54670 846858
467215 219144
952377 621694
2 2
521848 73899
288558 133644
3 1
3648 396211
3372 360909
15599 44
9 3
3425 366116
3445 318525
16756 41
3833 351070
13481 60
3215 310075
3223 351910
3927 391656
3376 390789
4 2
3686 326565
3495 349292
15362 89
3818 301197
6 4
54612 576114
60088 523611
106227 296184
449442 70004
58179 540792
456617 68904
6 1
23142 2530
257772 36
25516 2886
29417 2496
21722 2256
210027 75
8 5
514878 57276
444276 66378
464646 63468
61272 481299
260924 113022
49036 601398
44772 658674
257439 114552
2 1
283024 85
27108 2443
6 4
20191 2146
28097 2489
22337 2439
215681 40
29837 2148
291817 64
4 2
122015 369421
895107 50357
89550 503349
219189 205644
5 2
513610 33421
24505 700484
868209 19771
258495 66405
892913 19224
6 4
54868 433566
75702 314244
25752 923769
122507 194184
615384 38657
29667 801864
4 1
200200 329442
225494 292488
251611 262128
101281 651201
9 6
59388 966863
714848 615369
846831 453675
838824 871421
203631 399832
461349 329170
724599 505696
788428 25110
726173 43360
4 3
20213 715176
353133 40936
699567 20664
69832 207009
10 3
723514 261403
610468 227044
808051 661771
172512 979257
455975 105258
297306 260608
172283 137048
983960 243490
577321 684528
890710 632077
9 5
17391 281736
122808 39897
93912 52173
171054 28644
5148 951762
31416 155961
62062 78948
5676 863226
50778 96492
10 3
3777 300540
3007 351455
3310 301160
3132 324972
3077 388783
3975 325981
17512 38
3534 318782
15982 97
19215 98
10 5
3427 369655
3354 364017
3845 366916
3235 358947
17003 89
3206 304865
3664 312004
3638 357966
19855 4
19675 63
9 6
277912 1
29980 2692
21915 2605
27680 2928
247821 76
22934 2594
21036 2825
24256 2336
22788 2219
8 3
3394 398480
15057 29
3823 358514
3828 379384
3452 311393
3416 311331
10894 21
3524 394089
2 1
11527 46
3333 324592
5 3
184212 56166
138159 74888
44548 232254
892551 11592
16813 615384
4 2
24528 2327
297764 54
29872 2540
21845 2277
10 3
21732 2551
234637 91
27078 2837
25344 2396
21231 2479
27158 2510
228613 73
28049 2415
28506 2042
264811 72
8 4
383806 72379
124636 222885
177456 156543
218912 126898
83615 332231
85277 325756
50749 547390
84957 326983
10 2
544583 132720
261243 276666
667853 108223
114825 629454
144638 499710
194851 370935
91810 787246
812193 88990
328347 220124
365732 197623
5 1
22206 2864
290946 92
257459 99
23010 2692
20597 2530
8 2
52386 489418
839648 30535
559344 45837
798140 32123
161293 158957
74125 345884
838385 30581
839538 30539
6 4
126966 696015
277365 601667
637624 890991
720207 97972
814210 181746
707471 542160
6 4
17727 66
3736 322480
18320 96
3191 308580
3596 344750
3032 379668
10 2
3823 324273
3040 392621
3425 308560
3394 329355
3511 352925
3794 379324
15386 43
14034 94
3812 383137
14778 86
4 3
252126 96596
250838 97092
126063 193192
701592 34713
1 1
1 1
8 3
25275 2376
21424 2387
23418 2307
22573 2437
282908 98
271229 2
24830 2091
25980 2748
3 1
543583 301392
894625 644777
257998 521491
6 3
23923 2955
27215 2669
290549 10
24563 2597
22276 2446
298291 44
5 1
359634 128986
393480 117891
399760 116039
515408 90002
104948 442007
7 2
953977 490566
233405 64955
261169 158540
982272 572558
149245 700375
150742 151235
268946 542302
9 6
25333 2935
254390 24
289865 61
29298 2054
25650 2691
20824 2740
24193 2242
20644 2725
26696 2300
5 1
22444 2503
20972 2505
282654 87
27802 2363
258575 80
2 2
25327 334152
26676 317254
8 3
832306 862712
434271 782906
850241 898759
908788 541402
308002 501037
221338 308169
515340 187182
261480 415960
9 5
443214 421405
735129 571486
791902 983654
181733 418433
662615 685130
440527 65674
716857 361805
530315 966882
647102 9400
7 4
33948 337722
47601 240856
681912 16813
17388 659362
309672 37023
42228 271502
60214 190404
10 6
157896 88319
20468 681318
46053 302808
498542 27972
19737 706552
52836 263934
23188 601398
186813 74648
31992 435897
643467 21672
2 2
715122 23828
392616 43401
6 3
19307 76
3212 355143
3863 369920
3381 354450
3941 373115
11296 64
9 3
893400 905781
27731 791726
889883 145665
947110 875911
261107 588674
346440 28811
947282 960975
500344 837340
331011 390523
6 2
669829 280408
60924 918232
642496 487222
581310 44665
619216 36491
917061 728795
3 2
502585 878352
557633 342171
812145 493864
