100
2 1
100 20
200 10
2 2
100 20
200 10
3 2
100 10
100 10
100 10
4 2
9 3
7 1
10 1
8 4
5 3
28413 437784
121278 102564
191142 65076
141636 87822
212454 58548
9 5
427435 917751
493709 755111
365826 209304
320263 495767
825359 91835
292617 477233
228746 329626
820715 479272
978389 707890
10 10
1000000 1000000
1000000 1000000
1000000 1000000
1000000 1000000
1000000 1000000
1000000 1000000
1000000 1000000
1000000 1000000
1000000 1000000
1000000 1000000
2 1
295297 85
20023 2376
3 2
27047 805896
31304 696303
183352 118881
5 1
725520 124825
475177 190588
452067 200331
578057 156668
572394 158218
8 6
12050 10
3909 328393
3096 317475
19789 96
3769 326527
3017 325909
3589 312964
3440 301792
7 4
742221 252530
716761 804780
476656 265434
870691 420208
294980 747418
728492 342117
730459 313920
6 4
24491 2951
27791 2446
20943 2559
279124 24
21518 2988
203552 94
9 2
20262 2824
26520 2003
28633 2499
21422 2398
25153 2526
204810 81
20203 2579
203091 19
27292 2273
5 3
3193 380134
3961 342487
3854 379629
12513 78
10139 9
10 4
3886 324840
3117 337585
3379 309070
3003 396577
3783 382708
17457 71
3118 373996
12474 80
15218 51
3792 381708
4 1
15397 33
3854 326548
3649 378261
3814 363152
6 2
869840 244723
848163 153985
903332 420079
902636 557712
606955 222014
668004 243309
2 1
20159 2451
292236 56
3 2
98642 295596
138159 211048
55384 526473
10 2
930526 836502
916783 23620
89246 917041
53620 370392
294332 189487
56331 684717
198507 275436
383821 593325
591319 354425
90510 835930
4 2
572733 104850
459809 130600
189328 317180
245457 244650
9 4
98996 330888
489043 66981
372632 87906
58604 558948
51798 632391
140503 233138
487181 67237
97794 334955
296953 110309
9 3
670232 843991
693508 152261
159753 22541
2016 684896
693344 269440
158384 390045
998081 691602
34286 854721
860805 567558
8 6
3025 396083
3873 328014
16427 41
3498 302836
3199 347712
3130 330647
3211 328262
13065 23
7 3
103228 393624
343051 118446
46950 865453
167765 242202
321810 126264
970990 41847
63488 640011
7 4
3392 350572
3626 331412
3810 368243
3398 330737
16106 41
3029 333972
18821 12
9 5
18183 498456
96019 94392
72036 125818
685377 13224
131537 68904
14364 630982
192038 47196
29754 304612
165851 54648
8 5
5967 609224
26312 138159
178794 20332
152306 23868
87032 41769
12376 293733
450296 8073
49266 73788
3 1
908238 946541
593396 328585
220118 339501
4 1
347694 83807
487824 59733
55982 520510
54028 539335
7 5
237037 7
20416 2090
27512 2091
21819 2826
23931 2267
28416 2916
210306 99
8 3
195322 362893
720123 98429
652217 108677
253859 279214
176370 401888
260566 272027
135479 523188
129309 548152
8 3
246293 70
262652 52
25853 2835
25132 2713
26421 2413
29622 2350
20339 2972
23602 2343
9 6
181168 750074
900648 764202
565956 123429
121261 691050
27674 184134
550855 875557
62310 667874
234748 175146
665237 950398
3 1
240833 16
25882 2087
27437 2803
2 1
17482 42
3730 380935
10 2
26680 2138
28798 2745
29511 2619
228445 43
22664 2169
295543 30
205568 22
24562 2624
24310 2968
25430 2651
1 1
1 1
8 5
25668 700854
262108 68634
142968 125829
44919 400488
254856 70587
61272 293601
391468 45954
83886 214452
9 4
3376 305103
3680 327561
3757 323342
3421 366509
3586 340670
14181 73
12615 34
3733 334319
3664 388965
3 2
28987 2170
217923 74
27101 2127
10 6
3867 369881
15368 2
3892 341064
3957 379266
12742 53
3993 311017
3045 304978
3367 336502
3100 336583
11604 51
5 2
301921 667671
657248 328103
246442 280500
835019 625759
65167 672956
7 4
283335 259275
609327 120562
180642 406670
118623 619287
242200 303310
141360 519678
255703 287293
10 6
3185 376827
3686 324392
3210 330087
3965 342457
15522 33
3296 323518
3442 314495
14310 92
14065 43
3584 382492
9 5
32718 264132
241164 35834
68904 125419
86526 99876
205436 42066
9348 924462
18009 479864
340956 25346
339416 25461
10 2
3255 399972
3562 384839
3314 393048
3474 321034
14504 38
3944 339235
12783 1
3622 310218
19974 25
3133 309321
8 5
297388 37638
705432 15867
12852 870922
37638 297388
13416 834309
870922 12852
91143 122808
126854 88236
9 5
929798 9828
21528 424473
110331 82824
686504 13311
364182 25092
230724 39606
54366 168084
612306 14924
21896 417339
4 3
42462 821338
143173 243591
112630 309648
311799 111853
2 2
25542 242788
144072 43043
8 6
21475 2755
21425 2881
286176 88
243316 24
24944 2466
21189 2964
27493 2307
29091 2918
2 1
214924 51
23952 2645
7 4
141491 247752
42804 818958
745416 47027
923853 37944
395937 88536
701964 49938
480438 72964
6 2
25334 2221
290789 40
24678 2746
29999 2222
202185 79
25804 2075
2 1
15482 61
3792 316811
6 3
22797 2591
23624 2410
277748 32
21250 2175
28801 2576
228149 96
6 3
793176 40812
989912 25036
753119 608817
412605 74442
365568 506199
220404 44136
4 1
3796 326271
3027 328990
11588 100
3564 359379
10 7
26419 2333
264114 23
256207 77
20261 2895
25593 2776
213800 13
20989 2800
24657 2467
24489 2925
26204 2603
6 4
26355 2728
27510 2252
24188 2119
22705 2162
276526 30
202134 77
5 3
871182 62735
491286 111246
380006 143823
86525 631651
187020 292234
5 1
228593 64
29175 2368
20739 2699
246685 56
22130 2731
6 4
29754 391468
316008 36859
39501 294872
196308 59334
17864 652023
12276 948822
10 6
3043 369910
17744 75
3491 360512
3933 322189
3105 346324
3299 335063
15847 39
3437 363239
18337 52
3888 302155
6 3
14335 30
3341 368178
3647 393347
3059 323612
17155 5
3956 376992
5 1
145689 580423
392079 215674
784158 107837
104975 805537
242916 348109
4 3
447907 676024
585289 386464
659753 96590
312936 946356
6 1
25582 469298
27104 442945
22766 527347
19768 607324
14401 833663
914293 13131
8 5
75702 134316
573426 17732
706552 14391
467236 21762
151404 67158
304668 33374
12136 837837
444444 22878
4 3
28577 2590
27558 2193
204159 42
20245 2450
10 2
845365 379955
767571 158666
765795 809517
907907 289255
701845 812609
324547 317581
678589 617781
574536 852189
264236 229800
248805 471475
9 2
720564 688411
482186 518010
979474 779351
424648 436289
849322 58656
214187 160010
277304 518864
523608 381888
954671 873285
5 1
167277 559446
214968 435332
989160 94608
255782 365868
194302 481634
6 4
510041 26418
145355 92699
945695 14248
24962 539791
363776 37040
176758 76230
4 1
20410 2121
24507 2720
20465 2088
204849 87
3 1
212617 168246
205896 173738
63771 560944
4 3
882772 988385
419450 887977
524489 606469
783897 294220
9 3
3650 321747
11838 93
3635 383128
3871 345177
3800 399229
3459 324540
19125 83
3497 394444
3882 302227
5 3
380808 142709
163836 331702
382284 142158
778221 69832
846412 64206
10 5
439637 134666
175668 337023
290016 204141
676588 87504
225507 262538
240109 246572
73384 806772
440304 134462
200955 294614
99337 595993
8 5
586669 117985
141564 488953
112159 617143
658280 105150
155094 446298
747698 92575
134039 516403
807887 85678
2 1
3234 328263
16201 38
10 5
538444 121571
561223 772915
810865 324065
716957 448222
505828 17892
730691 780005
223835 290932
383146 801081
719891 331032
319879 150570
8 5
502164 24738
15834 784548
77256 160797
805194 15428
111592 111321
307458 40404
151848 81809
609336 20387
7 4
583854 860832
95058 715114
960572 213064
86267 843843
367744 494796
63946 910359
38078 122820
5 3
71706 63756
83657 54648
120428 37962
6072 752913
307692 14858
2 1
15344 40
3393 376673
4 3
834700 977975
65245 219341
484836 15663
40664 658548
7 4
158137 343656
68628 791874
99876 544122
568632 95571
327672 165851
195693 277704
322973 168264
10 6
8856 676039
21114 283556
182286 32844
10166 588924
18088 330993
652392 9177
897736 6669
52972 113022
112217 53352
17784 336651
8 5
226548 116358
754974 34916
327918 80388
237336 111069
77314 340956
995193 26488
503316 52374
126936 207669
9 4
707998 118367
893058 417852
268630 55083
190630 324146
432615 184089
655838 963645
849662 358646
226481 86359
236412 278248
2 1
143140 405735
238919 243082
9 2
394220 346059
759118 946097
683515 85923
148929 283142
129211 371385
215557 524274
784601 391640
251462 483024
236417 252515
8 6
679756 480871
709488 472295
91629 776952
61478 33920
526769 121767
786306 376386
589618 646747
120303 831100
7 5
64942 634940
56510 729681
101369 406774
56833 725534
885749 46553
223492 184500
57919 711930
10 3
155039 98699
719663 21263
314078 48721
201594 75906
946918 16160
43093 355097
56444 271104
21269 719460
111823 136843
82981 184406
9 3
3600 386043
3010 365758
3925 318856
3224 307349
3560 344921
3026 398623
13187 38
14472 19
3927 373964
